
0.19: 2  ,  2  ,  0.2
0.35: 2  ,  2  ,  0.2
0.08: 1  ,  1  ,  0.1
0.41: 1  ,  1  ,  0.1
0.61: 1  ,  1  ,  0.1
0.18: 2  ,  2  ,  0.2
0.68: 1  ,  1  ,  0.1
0.0: 2  ,  2  ,  0.2
0.2: 1  ,  1  ,  0.1
0.77: 2  ,  2  ,  0.2
0.14: 1  ,  1  ,  0.1
0.31: 1  ,  1  ,  0.1
0.98: 3  ,  3  ,  0.3
0.59: 2  ,  2  ,  0.2
0.64: 1  ,  1  ,  0.1
0.01: 1  ,  1  ,  0.1
0.02: 2  ,  2  ,  0.2
0.67: 1  ,  1  ,  0.1
0.25: 1  ,  1  ,  0.1
0.3: 1  ,  1  ,  0.1
0.6: 1  ,  1  ,  0.1
0.29: 1  ,  1  ,  0.1
0.09: 1  ,  1  ,  0.1
0.32: 1  ,  1  ,  0.1
0.27: 1  ,  1  ,  0.1
0.97: 1  ,  1  ,  0.1
0.82: 1  ,  1  ,  0.1
0.34: 1  ,  1  ,  0.1
0.73: 1  ,  1  ,  0.1
0.76: 1  ,  1  ,  0.1
0.52: 1  ,  1  ,  0.1
0.56: 1  ,  1  ,  0.1
0.51: 1  ,  1  ,  0.1
0.07: 1  ,  1  ,  0.1
0.96: 1  ,  1  ,  0.1
0.13: 1  ,  1  ,  0.1
