
0.54: 1  ,  1  ,  0.1
0.41: 2  ,  2  ,  0.2
0.49: 2  ,  2  ,  0.2
1.02: 1  ,  1  ,  0.1
0.79: 1  ,  1  ,  0.1
0.86: 1  ,  1  ,  0.1
0.38: 2  ,  2  ,  0.2
0.2: 1  ,  1  ,  0.1
0.97: 1  ,  1  ,  0.1
0.91: 1  ,  1  ,  0.1
0.66: 1  ,  1  ,  0.1
1.08: 2  ,  2  ,  0.2
1.75: 1  ,  1  ,  0.1
1.57: 1  ,  1  ,  0.1
1.23: 1  ,  1  ,  0.1
0.65: 1  ,  1  ,  0.1
0.99: 1  ,  1  ,  0.1
0.77: 2  ,  2  ,  0.2
0.69: 2  ,  2  ,  0.2
0.27: 2  ,  2  ,  0.2
0.55: 1  ,  1  ,  0.1
0.9: 1  ,  1  ,  0.1
0.89: 2  ,  1  ,  -0.9
0.57: 1  ,  1  ,  0.1
1.24: 1  ,  1  ,  0.1
1.79: 1  ,  1  ,  0.1
1.0: 1  ,  1  ,  0.1
0.93: 1  ,  1  ,  0.1
1.07: 2  ,  2  ,  0.2
1.71: 1  ,  1  ,  0.1
1.74: 1  ,  1  ,  0.1
1.28: 1  ,  1  ,  0.1
0.58: 1  ,  1  ,  0.1
1.03: 1  ,  1  ,  0.1
1.15: 1  ,  1  ,  0.1
0.32: 1  ,  1  ,  0.1
